101,2,3,1,101,1,200,50
101,2,3,1,102,1,200,50
101,2,3,1,103,1,200,50
101,2,3,2,101,2,200,200
101,2,3,3,102,3,100,105
101,2,3,4,104,4,100,50
102,3,4,1,101,1,200,50
102,3,4,1,102,1,200,50
102,3,4,1,103,1,200,50
102,3,4,2,101,2,200,200
102,3,4,3,102,3,100,105
102,3,4,4,104,4,100,50
104,104,2,1,101,1,200,50
104,104,2,1,102,1,200,50
104,104,2,1,103,1,200,50
104,104,2,2,101,2,200,200
104,104,2,3,102,3,100,105
104,104,2,4,104,4,100,50
103,1,1,1,101,1,200,50
103,1,1,1,102,1,200,50
103,1,1,1,103,1,200,50
103,1,1,2,101,2,200,200
103,1,1,3,102,3,100,105
103,1,1,4,104,4,100,50
107,2,8,1,101,1,200,50
107,2,8,1,102,1,200,50
107,2,8,1,103,1,200,50
107,2,8,2,101,2,200,200
107,2,8,3,102,3,100,105
107,2,8,4,104,4,100,50
109,2,3,1,101,1,200,50
109,2,3,1,102,1,200,50
109,2,3,1,103,1,200,50
109,2,3,2,101,2,200,200
109,2,3,3,102,3,100,105
109,2,3,4,104,4,100,50
110,2,5,1,101,1,200,50
110,2,5,1,102,1,200,50
110,2,5,1,103,1,200,50
110,2,5,2,101,2,200,200
110,2,5,3,102,3,100,105
110,2,5,4,104,4,100,50
108,3,4,1,101,1,200,50
108,3,4,1,102,1,200,50
108,3,4,1,103,1,200,50
108,3,4,2,101,2,200,200
108,3,4,3,102,3,100,105
108,3,4,4,104,4,100,50
114,5,6,1,101,1,200,50
114,5,6,1,102,1,200,50
114,5,6,1,103,1,200,50
114,5,6,2,101,2,200,200
114,5,6,3,102,3,100,105
114,5,6,4,104,4,100,50
153,5,9,1,101,1,200,50
153,5,9,1,102,1,200,50
153,5,9,1,103,1,200,50
153,5,9,2,101,2,200,200
153,5,9,3,102,3,100,105
153,5,9,4,104,4,100,50
124,4,6,1,101,1,200,50
124,4,6,1,102,1,200,50
124,4,6,1,103,1,200,50
124,4,6,2,101,2,200,200
124,4,6,3,102,3,100,105
124,4,6,4,104,4,100,50
